808
20
181
620
114
36
918
691
389
871
240
514
51
601
459
181
224
820
185
773
208
451
722
216
271
451
683
36
287
773
106
620
467
48
648
67
828
357
412
401
663
887
985
801
993
620
526
612
855
597
683
730
738
683
173
679
946
436
334
1
812
659
808
746
946
777
114
601
397
263
91
750
495
416
573
926
797
487
110
236
299
640
757
601
451
687
63
750
922
514
785
1001
8
393
808
157
801
310
153
624
463
153
518
546
389
918
357
863
620
746
397
432
416
863
44
510
114
946
240
134
761
122
765
804
644
938
393
353
236
808
632
455
785
4
291
738
279
789
581
491
883
185
314
1
28
201
455
106
989
134
